SinknodeTitle: 0.022222222222222223 
Keroberos: 0.06666666666666667 
DanglingTitleå: 0.022222222222222223 
Cerberus: 1.1432099024454756 0.022222222222222223 
Cazzo: 1.1432099024454756 1.1135801951090496 0.06666666666666667 0.06666666666666667 
